_C_aac9_5ac683b6_1 8c 0 368 0 0 2535642e 0 696d6520 0 61742074 0 256d2c20 0 666f7220 0 38372c20 0 696e6520 0 222c206c 0 352e7376 0 224c6162 0 20202020 0 20202020 0 6e742e0a 0 74656d65 0 20737461 0 61736527 0 75652063 0 756e6971 0 696e2027 0 68657320 0 6d617463 0 696f6e20 0 6e646974 0 6f20636f 0 673a204e 0 726e696e 0 54205761 0 52 
<<<<<<< HEAD
_C_b8f0_5ac68dc1_3 8c 0 368 0 0 2535642e 0 696d6520 0 61742074 0 256d2c20 0 666f7220 0 35392c20 0 696e6520 0 222c206c 0 352e7376 0 224c6162 0 20202020 0 20202020 0 6e742e0a 0 74656d65 0 20737461 0 61736527 0 75652063 0 756e6971 0 696e2027 0 68657320 0 6d617463 0 696f6e20 0 6e646974 0 6f20636f 0 673a204e 0 726e696e 0 54205761 0 52 
_C_ee7f_5ac6a7ad_2 8c 0 370 0 0 2535642e 0 696d6520 0 61742074 0 256d2c20 0 666f7220 0 33312c20 0 6e652031 0 2c206c69 0 2e737622 0 4c616235 0 20202022 0 20202020 0 742e0a20 0 656d656e 0 73746174 0 73652720 0 65206361 0 6e697175 0 6e202775 0 65732069 0 61746368 0 6f6e206d 0 64697469 0 20636f6e 0 3a204e6f 0 6e696e67 0 20576172 0 5254 
_C_d2a5_5ac69982_1 8c 0 370 0 0 2535642e 0 696d6520 0 61742074 0 256d2c20 0 666f7220 0 30372c20 0 6e652031 0 2c206c69 0 2e737622 0 4c616235 0 20202022 0 20202020 0 742e0a20 0 656d656e 0 73746174 0 73652720 0 65206361 0 6e697175 0 6e202775 0 65732069 0 61746368 0 6f6e206d 0 64697469 0 20636f6e 0 3a204e6f 0 6e696e67 0 20576172 0 5254 
_C_f126_5ac6a830_2 8c 0 370 0 0 2535642e 0 696d6520 0 61742074 0 256d2c20 0 666f7220 0 32392c20 0 6e652031 0 2c206c69 0 2e737622 0 4c616235 0 20202022 0 20202020 0 742e0a20 0 656d656e 0 73746174 0 73652720 0 65206361 0 6e697175 0 6e202775 0 65732069 0 61746368 0 6f6e206d 0 64697469 0 20636f6e 0 3a204e6f 0 6e696e67 0 20576172 0 5254 
_C_b789_5ac68d8b_2 8c 0 328 0 0 20256220 0 6465643a 0 724c6f61 0 61737465 0 2562206d 0 6d653a20 0 72744761 0 20737461 0 3a202562 0 68617065 0 696e6753 0 6c6f6164 0 62207c20 0 6e3a2025 0 74746572 0 65725061 0 6d617374 0 202d3e20 0 74696f6e 0 6c6f6361 0 20256220 0 696e746f 0 20256220 0 68617065 0 6f616473 0 4c 
_C_b8f0_5ac68dc1_2 8c 0 368 0 0 2535642e 0 696d6520 0 61742074 0 256d2c20 0 666f7220 0 39362c20 0 696e6520 0 222c206c 0 352e7376 0 224c6162 0 20202020 0 20202020 0 6e742e0a 0 74656d65 0 20737461 0 61736527 0 75652063 0 756e6971 0 696e2027 0 68657320 0 6d617463 0 696f6e20 0 6e646974 0 6f20636f 0 673a204e 0 726e696e 0 54205761 0 52 
_C_bf6e_5ac690a9_1 8c 0 368 0 0 2535642e 0 696d6520 0 61742074 0 256d2c20 0 666f7220 0 39312c20 0 696e6520 0 222c206c 0 352e7376 0 224c6162 0 20202020 0 20202020 0 6e742e0a 0 74656d65 0 20737461 0 61736527 0 75652063 0 756e6971 0 696e2027 0 68657320 0 6d617463 0 696f6e20 0 6e646974 0 6f20636f 0 673a204e 0 726e696e 0 54205761 0 52 
=======
_C_23f34_5ac6a3a2_1 8c 0 108 0 0 3a202562 0 61726c79 0 2c205a6e 0 3a202562 0 75657373 0 622c2047 0 723a2025 0 61737465 0 4d 
>>>>>>> 289e6f206a8b9fdea0bf9b11dc783d5013938463
_C_904f_5ac67980_1 8c 0 200 0 0 3a202564 0 64205143 0 6b3a2025 0 636c6f63 0 20256420 0 6f61643a 0 2564206c 0 61723a20 0 20636c65 0 3a202564 0 6420656e 0 703a2025 0 25642075 0 44433a20 0 74657220 0 636f756e 
_C_a55a_5ac682eb_2 8c 0 368 0 0 2535642e 0 696d6520 0 61742074 0 256d2c20 0 666f7220 0 39382c20 0 696e6520 0 222c206c 0 352e7376 0 224c6162 0 20202020 0 20202020 0 6e742e0a 0 74656d65 0 20737461 0 61736527 0 75652063 0 756e6971 0 696e2027 0 68657320 0 6d617463 0 696f6e20 0 6e646974 0 6f20636f 0 673a204e 0 726e696e 0 54205761 0 52 
_C_10603_5ac6af0b_1 84 0 7 0 0 78 
_C_74de_5ac66b3c_3 8c 0 368 0 0 2535642e 0 696d6520 0 61742074 0 256d2c20 0 666f7220 0 38322c20 0 696e6520 0 222c206c 0 352e7376 0 224c6162 0 20202020 0 20202020 0 6e742e0a 0 74656d65 0 20737461 0 61736527 0 75652063 0 756e6971 0 696e2027 0 68657320 0 6d617463 0 696f6e20 0 6e646974 0 6f20636f 0 673a204e 0 726e696e 0 54205761 0 52 
_C_aac9_5ac683b6_2 8c 0 368 0 0 2535642e 0 696d6520 0 61742074 0 256d2c20 0 666f7220 0 39332c20 0 696e6520 0 222c206c 0 352e7376 0 224c6162 0 20202020 0 20202020 0 6e742e0a 0 74656d65 0 20737461 0 61736527 0 75652063 0 756e6971 0 696e2027 0 68657320 0 6d617463 0 696f6e20 0 6e646974 0 6f20636f 0 673a204e 0 726e696e 0 54205761 0 52 
_C_8c12_5ac67818_2 8c 0 158 0 0 43202564 0 25642051 0 6f636b20 0 6420636c 0 61722025 0 20636c65 0 6e202564 0 25642065 0 20444320 0 6e746572 0 636f75 
_C_fac4_5ac6ad32_2 8c 0 370 0 0 2535642e 0 696d6520 0 61742074 0 256d2c20 0 666f7220 0 33342c20 0 6e652031 0 2c206c69 0 2e737622 0 4c616235 0 20202022 0 20202020 0 742e0a20 0 656d656e 0 73746174 0 73652720 0 65206361 0 6e697175 0 6e202775 0 65732069 0 61746368 0 6f6e206d 0 64697469 0 20636f6e 0 3a204e6f 0 6e696e67 0 20576172 0 5254 
_C_ee7f_5ac6a7ad_1 8c 0 370 0 0 2535642e 0 696d6520 0 61742074 0 256d2c20 0 666f7220 0 32352c20 0 6e652031 0 2c206c69 0 2e737622 0 4c616235 0 20202022 0 20202020 0 742e0a20 0 656d656e 0 73746174 0 73652720 0 65206361 0 6e697175 0 6e202775 0 65732069 0 61746368 0 6f6e206d 0 64697469 0 20636f6e 0 3a204e6f 0 6e696e67 0 20576172 0 5254 
_C_c1a1_5ac69153_1 8c 0 10 0 0 2562 
_C_c9dc_5ac692f2_1 8c 0 190 0 0 3a202562 0 73746572 0 75744d61 0 20696e70 0 2025622c 0 65726e3a 0 50617474 0 73746572 0 2c206d61 0 2c202562 0 2c202562 0 2c202562 0 2562 
_C_efce_5ac6a7f7_1 8c 0 48 0 0 3a202562 0 6f6f6420 0 7a 
_C_a55a_5ac682eb_3 8c 0 368 0 0 2535642e 0 696d6520 0 61742074 0 256d2c20 0 666f7220 0 35362c20 0 696e6520 0 222c206c 0 352e7376 0 224c6162 0 20202020 0 20202020 0 6e742e0a 0 74656d65 0 20737461 0 61736527 0 75652063 0 756e6971 0 696e2027 0 68657320 0 6d617463 0 696f6e20 0 6e646974 0 6f20636f 0 673a204e 0 726e696e 0 54205761 0 52 
_C_fd76_5ac6ade1_2 8c 0 370 0 0 2535642e 0 696d6520 0 61742074 0 256d2c20 0 666f7220 0 33322c20 0 6e652031 0 2c206c69 0 2e737622 0 4c616235 0 20202022 0 20202020 0 742e0a20 0 656d656e 0 73746174 0 73652720 0 65206361 0 6e697175 0 6e202775 0 65732069 0 61746368 0 6f6e206d 0 64697469 0 20636f6e 0 3a204e6f 0 6e696e67 0 20576172 0 5254 
_C_f126_5ac6a830_1 8c 0 370 0 0 2535642e 0 696d6520 0 61742074 0 256d2c20 0 666f7220 0 32332c20 0 6e652031 0 2c206c69 0 2e737622 0 4c616235 0 20202022 0 20202020 0 742e0a20 0 656d656e 0 73746174 0 73652720 0 65206361 0 6e697175 0 6e202775 0 65732069 0 61746368 0 6f6e206d 0 64697469 0 20636f6e 0 3a204e6f 0 6e696e67 0 20576172 0 5254 
_C_f126_5ac6a830_3 8c 0 50 0 0 3a202562 0 6f643220 0 7a6f 
_C_bf6e_5ac690a9_2 8c 0 368 0 0 2535642e 0 696d6520 0 61742074 0 256d2c20 0 666f7220 0 39372c20 0 696e6520 0 222c206c 0 352e7376 0 224c6162 0 20202020 0 20202020 0 6e742e0a 0 74656d65 0 20737461 0 61736527 0 75652063 0 756e6971 0 696e2027 0 68657320 0 6d617463 0 696f6e20 0 6e646974 0 6f20636f 0 673a204e 0 726e696e 0 54205761 0 52 
_C_c88f_5ac692bb_1 8c 0 88 0 0 3a202562 0 6c656172 0 622c2063 0 6e3a2025 0 65 
_C_9a79_5ac67b34_1 84 0 a 0 0 3f8 
_C_d2a5_5ac69982_3 8c 0 368 0 0 2535642e 0 696d6520 0 61742074 0 256d2c20 0 666f7220 0 35382c20 0 696e6520 0 222c206c 0 352e7376 0 224c6162 0 20202020 0 20202020 0 6e742e0a 0 74656d65 0 20737461 0 61736527 0 75652063 0 756e6971 0 696e2027 0 68657320 0 6d617463 0 696f6e20 0 6e646974 0 6f20636f 0 673a204e 0 726e696e 0 54205761 0 52 
_C_74de_5ac66b3c_4 84 0 8 0 0 f8 
_C_e6e2_5ac6a3cc_2 8c 0 370 0 0 2535642e 0 696d6520 0 61742074 0 256d2c20 0 666f7220 0 33302c20 0 6e652031 0 2c206c69 0 2e737622 0 4c616235 0 20202022 0 20202020 0 742e0a20 0 656d656e 0 73746174 0 73652720 0 65206361 0 6e697175 0 6e202775 0 65732069 0 61746368 0 6f6e206d 0 64697469 0 20636f6e 0 3a204e6f 0 6e696e67 0 20576172 0 5254 
_C_74de_5ac66b3c_2 8c 0 368 0 0 2535642e 0 696d6520 0 61742074 0 256d2c20 0 666f7220 0 37362c20 0 696e6520 0 222c206c 0 352e7376 0 224c6162 0 20202020 0 20202020 0 6e742e0a 0 74656d65 0 20737461 0 61736527 0 75652063 0 756e6971 0 696e2027 0 68657320 0 6d617463 0 696f6e20 0 6e646974 0 6f20636f 0 673a204e 0 726e696e 0 54205761 0 52 
_C_bf6e_5ac690a9_3 8c 0 368 0 0 2535642e 0 696d6520 0 61742074 0 256d2c20 0 666f7220 0 36302c20 0 696e6520 0 222c206c 0 352e7376 0 224c6162 0 20202020 0 20202020 0 6e742e0a 0 74656d65 0 20737461 0 61736527 0 75652063 0 756e6971 0 696e2027 0 68657320 0 6d617463 0 696f6e20 0 6e646974 0 6f20636f 0 673a204e 0 726e696e 0 54205761 0 52 
_C_fac4_5ac6ad32_1 8c 0 370 0 0 2535642e 0 696d6520 0 61742074 0 256d2c20 0 666f7220 0 32382c20 0 6e652031 0 2c206c69 0 2e737622 0 4c616235 0 20202022 0 20202020 0 742e0a20 0 656d656e 0 73746174 0 73652720 0 65206361 0 6e697175 0 6e202775 0 65732069 0 61746368 0 6f6e206d 0 64697469 0 20636f6e 0 3a204e6f 0 6e696e67 0 20576172 0 5254 
_C_b8f0_5ac68dc1_1 8c 0 368 0 0 2535642e 0 696d6520 0 61742074 0 256d2c20 0 666f7220 0 39302c20 0 696e6520 0 222c206c 0 352e7376 0 224c6162 0 20202020 0 20202020 0 6e742e0a 0 74656d65 0 20737461 0 61736527 0 75652063 0 756e6971 0 696e2027 0 68657320 0 6d617463 0 696f6e20 0 6e646974 0 6f20636f 0 673a204e 0 726e696e 0 54205761 0 52 
_C_d2a5_5ac69982_2 8c 0 370 0 0 2535642e 0 696d6520 0 61742074 0 256d2c20 0 666f7220 0 31332c20 0 6e652031 0 2c206c69 0 2e737622 0 4c616235 0 20202022 0 20202020 0 742e0a20 0 656d656e 0 73746174 0 73652720 0 65206361 0 6e697175 0 6e202775 0 65732069 0 61746368 0 6f6e206d 0 64697469 0 20636f6e 0 3a204e6f 0 6e696e67 0 20576172 0 5254 
_C_74de_5ac66b3c_5 8c 0 c8 0 0 62202562 0 25622025 0 20256220 0 696e746f 0 20256220 0 6c696365 0 73 
_C_fd76_5ac6ade1_1 8c 0 370 0 0 2535642e 0 696d6520 0 61742074 0 256d2c20 0 666f7220 0 32362c20 0 6e652031 0 2c206c69 0 2e737622 0 4c616235 0 20202022 0 20202020 0 742e0a20 0 656d656e 0 73746174 0 73652720 0 65206361 0 6e697175 0 6e202775 0 65732069 0 61746368 0 6f6e206d 0 64697469 0 20636f6e 0 3a204e6f 0 6e696e67 0 20576172 0 5254 
_C_7751_5ac66bcf_1 8c 0 50 0 0 672e2e2e 0 6963696e 0 736c 
_C_a55a_5ac682eb_5 8c 0 198 0 0 20256220 0 65726e3a 0 50617474 0 73746572 0 3e206d61 0 6f6e202d 0 63617469 0 62206c6f 0 746f2025 0 6220696e 0 70652025 0 64736861 0 4c6f61 
_C_b643_5ac68d46_1 8c 0 208 0 0 20256220 0 62202562 0 25622025 0 62207c20 0 6e3a2025 0 74746572 0 65725061 0 6d617374 0 202d3e20 0 74696f6e 0 6c6f6361 0 20256220 0 696e746f 0 20256220 0 68617065 0 6f616473 0 4c 
_C_a55a_5ac682eb_1 8c 0 368 0 0 2535642e 0 696d6520 0 61742074 0 256d2c20 0 666f7220 0 39322c20 0 696e6520 0 222c206c 0 352e7376 0 224c6162 0 20202020 0 20202020 0 6e742e0a 0 74656d65 0 20737461 0 61736527 0 75652063 0 756e6971 0 696e2027 0 68657320 0 6d617463 0 696f6e20 0 6e646974 0 6f20636f 0 673a204e 0 726e696e 0 54205761 0 52 
_C_c2ff_5ac69168_1 8c 0 70 0 0 2c202562 0 2c202562 0 2c202562 0 2562 
_C_916a_5ac679b1_1 8c 0 200 0 0 3a202562 0 62205143 0 6b3a2025 0 636c6f63 0 20256220 0 6f61643a 0 2562206c 0 61723a20 0 20636c65 0 3a202562 0 6220656e 0 703a2025 0 25622075 0 44433a20 0 74657220 0 636f756e 
_C_10603_5ac6af0b_2 8c 0 188 0 0 3a202562 0 65636b20 0 7c206368 0 20256220 0 7a6f6f64 0 203d3e20 0 73202562 0 67756573 0 20256220 0 7465726e 0 72506174 0 61737465 0 6d 
_C_b789_5ac68d8b_1 84 0 9 0 0 1f8 
_C_e6e2_5ac6a3cc_1 8c 0 370 0 0 2535642e 0 696d6520 0 61742074 0 256d2c20 0 666f7220 0 32342c20 0 6e652031 0 2c206c69 0 2e737622 0 4c616235 0 20202022 0 20202020 0 742e0a20 0 656d656e 0 73746174 0 73652720 0 65206361 0 6e697175 0 6e202775 0 65732069 0 61746368 0 6f6e206d 0 64697469 0 20636f6e 0 3a204e6f 0 6e696e67 0 20576172 0 5254 
_C_74de_5ac66b3c_1 94 0 20 0 0 1 
_C_24a3d_5ac6a4ce_1 8c 0 88 0 0 726c7973 0 207a6e61 0 6e672033 0 65737469 0 74 
_C_8f2d_5ac67936_1 84 0 b 0 0 7f0 
<<<<<<< HEAD
_C_ecf2_5ac6a6fd_1 8c 0 120 0 0 64202562 0 207a6f6f 0 62203d3e 0 73732025 0 20677565 0 6e202562 0 74746572 0 65725061 0 6d617374 
=======
_C_24a3d_5ac6a4ce_2 8c 0 88 0 0 726c7973 0 207a6e61 0 6e672032 0 65737469 0 74 
_C_24a3d_5ac6a4ce_3 8c 0 88 0 0 726c7973 0 207a6e61 0 6e672031 0 65737469 0 74 
_C_24a3d_5ac6a4ce_4 8c 0 88 0 0 726c7973 0 207a6e61 0 6e672030 0 65737469 0 74 
>>>>>>> 289e6f206a8b9fdea0bf9b11dc783d5013938463
_C_a55a_5ac682eb_4 84 0 6 0 0 38 
_C_8c12_5ac67818_1 84 0 9 0 0 1f0 
